Tests Positives New Infections True Negatives False Positives
0 0 10 0 0
1062 4 2 1058 0
1031 4 2 1027 0
987 8 3 979 0
1006 10 2 996 0
1044 6 3 1038 0
1002 11 2 991 0
982 7 3 975 0
985 7 4 978 0
992 13 3 979 0
1010 12 4 998 0
978 12 4 966 0
1020 13 5 1007 0
1067 15 4 1052 0
1006 12 6 994 0
1016 18 5 998 0
1019 20 6 999 0
977 20 7 957 0
1002 20 7 982 0
1018 22 8 996 0
994 26 8 968 0
1015 19 9 996 0
1019 30 9 989 0
970 41 11 929 0
1056 35 11 1021 0
988 39 12 949 0
1064 42 13 1022 0
1054 44 15 1010 0
989 45 15 944 0
1004 59 16 945 0
1042 56 18 986 0
1046 61 20 985 0
1044 73 20 971 0
1047 73 23 974 0
1054 79 24 975 0
1032 85 25 947 0
1047 84 28 963 0
1106 91 30 1015 0
1117 107 31 1010 0
1078 106 34 972 0
1075 121 37 954 0
1120 132 38 988 0
1096 133 40 963 0
1134 154 43 980 0
1163 171 46 992 0
1148 185 49 963 0
1106 179 52 927 0
1159 185 55 974 0
1200 201 60 999 0
1198 221 63 977 0
1181 226 67 955 0
1159 253 72 906 0
1254 293 75 961 0
1261 297 80 964 0
1227 297 84 930 0
1305 333 88 972 0
1328 321 93 1007 0
1292 340 96 952 0
1256 377 101 879 0
1309 374 104 935 0
1317 429 108 888 0
1357 429 112 927 0
1358 437 115 921 0
1400 473 118 927 0
1423 481 121 942 0
1397 527 124 870 0
1448 525 126 922 0
1445 535 128 910 0
1432 565 129 866 0
1472 566 130 906 0
1505 618 131 887 0
1472 628 132 844 0
1454 606 132 848 0
1529 613 132 916 0
1527 630 131 897 0
1582 654 130 928 0
1552 646 129 906 0
1522 658 128 864 0
1559 680 126 879 0
1537 647 123 890 0
1526 655 122 871 0
1564 699 118 865 0
1498 646 116 852 0
1559 669 113 889 0
1523 643 111 880 0
1500 656 106 844 0
1501 626 104 874 0
1506 643 100 863 0
1509 605 97 904 0
1442 601 94 841 0
1487 607 90 880 0
1475 603 87 872 0
1418 551 83 867 0
1417 557 80 860 0
1413 532 77 881 0
1469 535 74 933 0
1425 538 70 886 0
1437 528 68 908 0
1354 498 64 855 0
1417 491 62 925 0
1377 465 59 910 0
1336 451 56 885 0
1377 431 53 945 0
1375 420 51 954 0
1368 431 49 937 0
1284 391 46 893 0
1279 363 45 915 0
1259 359 42 899 0
1300 334 40 966 0
1280 331 38 947 0
1292 316 36 975 0
1250 317 34 933 0
1276 293 33 982 0
1230 308 31 921 0
1214 279 29 935 0
1231 257 28 973 0
1237 255 27 981 0
1219 254 25 963 0
1232 244 24 987 0
1214 225 23 985 0
1154 206 22 946 0
1183 200 20 981 0
1166 183 20 980 0
1187 177 19 1005 0
1158 171 17 981 0
1080 156 17 919 0
1180 164 16 1010 0
1126 158 15 961 0
1112 150 14 959 0
1055 122 14 928 0
1147 140 13 1006 0
1147 124 12 1019 0
1085 124 12 957 0
1144 115 11 1025 0
1069 103 10 962 0
1100 105 10 993 0
1120 92 9 1023 0
1108 86 9 1018 0
1116 94 9 1020 0
1002 81 8 920 0
1107 72 8 1032 0
1103 81 7 1019 0
1130 71 7 1057 0
1097 69 6 1024 0
1038 66 6 971 0
1092 59 6 1032 0
1034 58 6 976 0
967 53 5 911 0
1072 53 5 1016 0
1080 45 10 1030 0
