Tests Positives New Infections True Negatives False Positives
0 0 10 0 0
1023 3 2 1020 0
1031 2 2 1029 0
971 5 3 964 0
985 7 2 977 0
1057 5 3 1050 0
1009 6 2 1002 0
1046 11 3 1035 0
998 9 4 986 0
1005 11 3 993 0
1032 11 4 1018 0
1041 13 4 1027 0
1061 10 5 1049 0
1015 12 4 1001 0
1039 20 6 1016 0
980 16 5 963 0
970 20 6 948 0
1016 15 7 996 0
1062 17 7 1043 0
1044 22 8 1018 0
947 19 8 923 0
1019 27 9 987 0
1001 28 9 970 0
976 27 11 940 0
973 30 11 937 0
1056 36 12 1011 0
1059 38 13 1013 0
1034 36 15 991 0
1043 39 15 992 0
1082 42 16 1031 0
1043 56 18 979 0
1022 52 20 958 0
1050 54 20 985 0
1046 57 23 975 0
1010 59 24 939 0
1098 78 25 1005 0
1040 74 28 948 0
1034 79 30 939 0
1017 87 31 915 0
1124 93 34 1012 0
1116 103 37 994 0
1068 111 38 942 0
1146 132 40 1000 0
1114 141 43 948 0
1114 144 46 950 0
1225 157 49 1040 0
1156 142 52 989 0
1119 154 55 937 0
1226 176 60 1014 0
1213 184 63 996 0
1220 197 67 988 0
1223 206 72 981 0
1237 229 75 966 0
1239 234 80 964 0
1277 234 84 998 0
1263 252 88 957 0
1218 268 93 906 0
1314 308 96 953 0
1286 298 101 934 0
1307 339 104 912 0
1211 337 108 815 0
1365 379 112 926 0
1332 381 115 891 0
1498 418 118 1015 0
1389 407 121 914 0
1475 459 124 937 0
1467 476 126 924 0
1424 477 128 888 0
1435 486 129 883 0
1447 501 130 890 0
1460 489 131 893 0
1489 542 132 874 0
1482 524 132 876 0
1559 535 132 939 0
1516 579 131 874 0
1541 570 130 897 0
1536 579 129 874 0
1536 565 128 905 0
1523 581 126 875 0
1582 590 123 915 0
1477 573 122 844 0
1477 603 118 808 0
1569 608 116 888 0
1518 575 113 874 0
1471 557 111 849 0
1510 560 106 882 0
1534 566 104 902 0
1507 564 100 872 0
1544 566 97 912 0
1514 550 94 904 0
1505 542 90 896 0
1483 540 87 885 0
1463 514 83 895 0
1466 489 80 907 0
1462 492 77 905 0
1439 463 74 917 0
1384 417 70 907 0
1434 461 68 917 0
1409 456 64 899 0
1324 436 62 835 0
1356 419 59 882 0
1359 384 56 927 0
1413 419 53 938 0
1322 366 51 908 0
1355 363 49 942 0
1340 352 46 937 0
1302 324 45 927 0
1308 327 42 941 0
1329 304 40 980 0
1254 300 38 920 0
1282 289 36 954 0
1271 273 34 951 0
1218 234 33 940 0
1210 239 31 933 0
1185 242 29 914 0
1233 227 28 965 0
1217 214 27 954 0
1164 202 25 933 0
1232 191 24 1005 0
1173 186 23 963 0
1179 196 22 951 0
1131 163 20 932 0
1179 169 20 978 0
1146 158 19 955 0
1198 159 17 1011 0
1159 141 17 984 0
1117 127 16 962 0
1124 116 15 984 0
1129 124 14 975 0
1122 107 14 989 0
1102 105 13 971 0
1075 102 12 949 0
1060 92 12 944 0
1092 91 11 977 0
1088 96 10 973 0
1077 92 10 963 0
1108 81 9 1004 0
1079 69 9 994 0
1087 76 9 993 0
1090 70 8 1002 0
1098 69 8 1011 0
1035 62 7 956 0
1085 63 7 1002 0
1028 56 6 961 0
1033 50 6 968 0
1027 54 6 961 0
1064 49 6 1006 0
1064 34 5 1014 0
1076 33 5 1027 0
1054 35 10 1008 0
