Tests Positives New Infections True Negatives False Positives
1019 2 8 1017 0
985 2 9 983 0
1012 1 9 1011 0
997 1 11 996 0
959 2 11 957 0
979 3 12 976 0
1007 2 13 1005 0
960 6 15 954 0
970 2 15 968 0
1019 2 16 1017 0
931 0 18 931 0
980 2 20 978 0
998 5 20 993 0
1007 1 23 1006 0
954 4 24 950 0
932 5 25 927 0
967 4 28 963 0
910 5 30 905 0
1023 3 31 1020 0
936 5 34 931 0
1026 7 37 1019 0
961 10 38 951 0
928 12 40 916 0
936 12 43 924 0
928 11 46 917 0
969 9 49 960 0
919 12 52 907 0
910 7 55 903 0
930 10 60 920 0
914 13 63 901 0
899 8 67 891 0
921 9 72 912 0
877 11 75 866 0
876 16 80 860 0
879 18 84 861 0
871 15 88 856 0
886 24 93 862 0
869 15 96 854 0
867 24 101 843 0
847 25 104 822 0
820 19 108 801 0
812 24 112 788 0
826 27 115 799 0
846 32 118 814 0
823 37 121 786 0
769 34 124 735 0
747 23 126 724 0
724 29 128 695 0
799 29 129 770 0
737 22 130 715 0
709 32 131 677 0
719 36 132 683 0
721 37 132 684 0
691 32 132 659 0
633 28 131 605 0
646 37 130 609 0
644 39 129 605 0
657 34 128 623 0
631 47 126 584 0
551 36 123 515 0
587 36 122 551 0
601 35 118 566 0
583 42 116 541 0
569 40 113 529 0
541 30 111 511 0
545 29 106 516 0
515 32 104 483 0
499 38 100 461 0
517 34 97 483 0
528 26 94 502 0
428 23 90 405 0
460 35 87 425 0
473 30 83 443 0
444 33 80 411 0
421 29 77 392 0
436 34 74 402 0
402 21 70 381 0
413 20 68 393 0
424 22 64 402 0
424 20 62 404 0
395 20 59 375 0
377 18 56 359 0
403 19 53 384 0
364 23 51 341 0
365 17 49 348 0
367 25 46 342 0
398 18 45 380 0
383 17 42 366 0
348 9 40 339 0
321 16 38 305 0
339 11 36 328 0
380 11 34 369 0
347 13 33 334 0
360 10 31 350 0
310 9 29 301 0
330 12 28 318 0
348 10 27 338 0
340 7 25 333 0
350 11 24 339 0
293 13 23 280 0
301 5 22 296 0
301 3 20 298 0
306 7 20 299 0
304 9 19 295 0
288 8 17 280 0
290 8 17 282 0
289 6 16 283 0
269 6 15 263 0
294 3 14 291 0
307 7 14 300 0
288 6 13 282 0
310 3 12 307 0
314 5 12 309 0
272 4 11 268 0
288 1 10 287 0
307 1 10 306 0
283 4 9 279 0
289 1 9 288 0
286 3 9 283 0
279 2 8 277 0
257 2 8 255 0
294 3 7 291 0
259 2 7 257 0
287 6 6 281 0
284 1 6 283 0
292 2 6 290 0
264 4 6 260 0
280 5 5 275 0
281 1 5 280 0
268 0 5 268 0
268 2 5 266 0
300 1 4 299 0
277 2 4 275 0
257 3 4 254 0
278 2 4 276 0
275 3 3 272 0
261 1 3 260 0
263 1 3 262 0
261 1 3 260 0
290 1 6 289 0
