Tests Positives New Infections True Negatives False Positives
997 8 4 983 0
1002 6 4 991 0
1008 7 5 994 0
1018 5 4 1007 0
1010 9 6 994 0
1043 8 5 1026 0
1003 8 6 983 0
1022 7 7 1002 0
1057 11 7 1032 0
1048 11 8 1020 0
1069 15 8 1043 0
1032 11 9 1004 0
1028 13 9 999 0
1052 14 11 1021 0
1055 17 11 1015 0
1036 20 12 995 0
1025 24 13 976 0
1047 20 15 1000 0
966 21 15 927 0
1102 26 16 1039 0
1040 29 18 984 0
1046 30 20 987 0
1045 35 20 965 0
1092 31 23 1022 0
1088 33 24 1016 0
1053 42 25 965 0
1054 44 28 965 0
1038 48 30 938 0
1061 52 31 955 0
1102 50 34 989 0
1120 54 37 1014 0
1073 55 38 961 0
1100 77 40 955 0
1101 71 43 964 0
1115 65 46 968 0
1154 84 49 990 0
1089 75 52 922 0
1159 102 55 964 0
1163 102 60 963 0
1135 105 63 919 0
1141 104 67 921 0
1143 117 72 901 0
1236 121 75 964 0
1194 125 80 933 0
1218 142 84 928 0
1260 165 88 935 0
1217 152 93 903 0
1303 176 96 976 0
1262 177 101 898 0
1266 195 104 872 0
1301 198 108 888 0
1287 201 112 873 0
1283 207 115 851 0
1316 206 118 855 0
1402 212 121 931 0
1358 218 124 882 0
1313 218 126 840 0
1375 228 128 860 0
1417 228 129 889 0
1397 228 130 850 0
1437 246 131 869 0
1475 249 132 898 0
1379 252 132 805 0
1384 253 132 805 0
1419 258 131 835 0
1479 259 130 866 0
1417 249 129 820 0
1438 247 128 846 0
1424 259 126 823 0
1466 227 123 845 0
1444 243 122 813 0
1377 245 118 784 0
1466 226 116 861 0
1427 217 113 841 0
1473 222 111 838 0
1427 228 106 834 0
1470 196 104 901 0
1377 199 100 795 0
1395 192 97 806 0
1416 188 94 861 0
1400 181 90 866 0
1382 183 87 822 0
1404 174 83 858 0
1323 156 80 799 0
1423 161 77 890 0
1343 150 74 847 0
1362 154 70 874 0
1344 142 68 881 0
1346 144 64 877 0
1265 117 62 820 0
1325 122 59 891 0
1280 117 56 849 0
1309 111 53 904 0
1318 118 51 894 0
1251 107 49 869 0
1240 103 46 857 0
1271 111 45 887 0
1233 85 42 891 0
1170 89 40 850 0
1245 77 38 926 0
1175 74 36 877 0
1208 73 34 922 0
1146 49 33 870 0
1154 72 31 883 0
1066 64 29 809 0
1122 64 28 864 0
1123 54 27 887 0
1113 59 25 888 0
1106 44 24 886 0
1145 48 23 913 0
1060 43 22 867 0
1102 47 20 907 0
1075 41 20 894 0
1056 39 19 884 0
1077 38 17 912 0
1069 36 17 912 0
1065 32 16 913 0
1056 32 15 919 0
1021 31 14 892 0
1055 27 14 932 0
1078 30 13 942 0
1045 27 12 927 0
1043 28 12 920 0
1050 27 11 940 0
1009 16 10 908 0
1005 21 10 909 0
1035 19 9 945 0
996 16 9 913 0
1040 13 9 959 0
1005 12 8 930 0
1017 16 8 933 0
995 18 7 919 0
956 13 7 890 0
964 18 6 897 0
1042 14 6 984 0
940 16 6 883 0
942 12 6 877 0
941 10 5 880 0
1038 12 5 983 0
984 8 5 938 0
981 7 5 944 0
973 6 4 935 0
915 10 4 874 0
984 8 4 944 0
981 4 4 942 0
960 3 3 928 0
965 5 3 935 0
921 5 3 894 0
911 3 3 885 0
948 5 3 918 0
