Tests Positives New Infections True Negatives False Positives
1032 9 4 1018 0
1021 10 4 1004 0
1045 10 5 1029 0
1017 10 4 998 0
1015 8 6 1002 0
1072 8 5 1056 0
1003 9 6 982 0
1066 7 7 1052 0
1031 12 7 1004 0
1007 9 8 985 0
992 12 8 964 0
997 15 9 970 0
1005 15 9 976 0
1034 19 11 998 0
1029 18 11 988 0
1021 18 12 985 0
1080 21 13 1038 0
1021 17 15 980 0
1084 27 15 1035 0
1013 25 16 963 0
1033 27 18 974 0
1048 31 20 990 0
1099 33 20 1030 0
1076 34 23 1010 0
1059 37 24 981 0
1060 40 25 981 0
1073 38 28 995 0
1072 47 30 987 0
1051 44 31 945 0
1143 53 34 1028 0
1111 65 37 990 0
1078 59 38 950 0
1069 65 40 930 0
1071 70 43 921 0
1097 70 46 953 0
1193 74 49 1018 0
1192 89 52 1004 0
1155 92 55 972 0
1167 97 60 963 0
1161 99 63 954 0
1123 99 67 908 0
1216 133 72 943 0
1260 131 75 983 0
1220 115 80 964 0
1199 149 84 897 0
1242 137 88 934 0
1194 150 93 877 0
1274 147 96 934 0
1287 175 101 912 0
1276 181 104 906 0
1302 178 108 908 0
1302 197 112 874 0
1276 184 115 848 0
1326 193 118 893 0
1278 221 121 806 0
1402 227 124 905 0
1362 216 126 875 0
1321 224 128 814 0
1444 209 129 922 0
1440 252 130 872 0
1411 240 131 842 0
1421 237 132 856 0
1501 267 132 896 0
1491 277 132 879 0
1414 241 131 827 0
1486 248 130 864 0
1391 243 129 788 0
1462 242 128 842 0
1419 243 126 799 0
1475 257 123 829 0
1432 237 122 807 0
1444 252 118 828 0
1478 271 116 856 0
1434 236 113 818 0
1456 235 111 857 0
1420 228 106 823 0
1460 220 104 864 0
1414 206 100 812 0
1414 207 97 830 0
1409 182 94 850 0
1421 182 90 861 0
1429 170 87 892 0
1327 167 83 785 0
1279 166 80 798 0
1401 149 77 887 0
1358 147 74 854 0
1352 156 70 876 0
1340 159 68 827 0
1298 137 64 843 0
1236 142 62 794 0
1295 135 59 856 0
1284 115 56 870 0
1253 106 53 835 0
1313 120 51 915 0
1241 90 49 870 0
1196 98 46 843 0
1262 92 45 909 0
1229 96 42 893 0
1200 79 40 877 0
1203 83 38 888 0
1156 70 36 851 0
1167 69 34 880 0
1102 71 33 843 0
1193 63 31 908 0
1111 61 29 850 0
1155 60 28 888 0
1129 55 27 892 0
1116 55 25 889 0
1095 50 24 886 0
1154 36 23 949 0
1099 48 22 886 0
1181 54 20 983 0
1094 36 20 924 0
1108 39 19 935 0
1015 38 17 847 0
1069 38 17 901 0
1011 35 16 870 0
1053 31 15 905 0
1039 29 14 907 0
1039 26 14 919 0
1040 33 13 913 0
989 20 12 876 0
1035 13 12 934 0
1045 21 11 935 0
1021 16 10 917 0
1038 16 10 944 0
1023 20 9 931 0
1019 21 9 935 0
1068 25 9 976 0
1004 20 8 922 0
998 13 8 921 0
986 18 7 904 0
1042 13 7 976 0
999 17 6 928 0
1005 12 6 942 0
1010 10 6 949 0
957 15 6 888 0
979 15 5 925 0
950 13 5 894 0
997 11 5 949 0
1003 12 5 951 0
976 7 4 940 0
935 8 4 890 0
909 7 4 866 0
950 10 4 908 0
981 9 3 940 0
918 6 3 883 0
963 9 3 925 0
938 6 3 906 0
926 4 6 900 0
