Tests Positives New Infections True Negatives False Positives
11 5 4 0 0
12 6 4 0 0
14 7 5 0 0
16 7 4 0 0
15 7 6 0 0
17 9 5 0 0
27 16 6 0 0
21 12 7 0 0
19 10 7 0 0
25 14 8 0 0
26 10 8 0 0
31 15 9 0 0
33 17 9 0 0
34 18 11 0 0
35 11 11 0 0
38 18 12 0 0
44 22 13 0 0
45 20 15 0 0
48 25 15 0 0
52 29 16 0 0
61 32 18 0 0
64 31 20 0 0
61 36 20 0 0
66 34 23 0 0
85 38 24 0 0
80 43 25 0 0
79 39 28 0 0
97 45 30 0 0
101 47 31 0 0
112 53 34 0 0
116 58 37 0 0
139 73 38 0 0
138 70 40 0 0
155 76 43 0 0
154 86 46 0 0
168 91 49 0 0
173 83 52 0 0
197 86 55 0 0
197 102 60 0 0
240 122 63 0 0
216 107 67 0 0
234 106 72 0 0
268 129 75 0 0
266 132 80 0 0
306 136 84 0 0
308 145 88 0 0
313 162 93 0 0
339 153 96 0 0
366 160 101 0 0
387 182 104 0 0
408 191 108 0 0
400 179 112 0 0
427 199 115 0 0
440 226 118 0 0
474 226 121 0 0
510 230 124 0 0
514 225 126 0 0
537 241 128 0 0
544 240 129 0 0
519 221 130 0 0
520 227 131 0 0
575 240 132 0 0
571 229 132 0 0
576 229 132 0 0
576 230 131 0 0
589 236 130 0 0
599 262 129 0 0
629 267 128 0 0
601 244 126 0 0
612 247 123 0 0
610 228 122 0 0
643 243 118 0 0
626 239 116 0 0
628 222 113 0 0
623 240 111 0 0
597 203 106 0 0
607 209 104 0 0
597 221 100 0 0
573 199 97 0 0
566 190 94 0 0
563 184 90 0 0
562 183 87 0 0
524 184 83 0 0
543 184 80 0 0
510 156 77 0 0
492 154 74 0 0
488 150 70 0 0
495 144 68 0 0
455 130 64 0 0
463 124 62 0 0
428 134 59 0 0
426 125 56 0 0
415 122 53 0 0
391 103 51 0 0
403 119 49 0 0
370 107 46 0 0
341 84 45 0 0
349 96 42 0 0
332 81 40 0 0
312 79 38 0 0
307 79 36 0 0
293 76 34 0 0
302 75 33 0 0
269 77 31 0 0
270 58 29 0 0
245 56 28 0 0
247 54 27 0 0
214 49 25 0 0
221 59 24 0 0
196 59 23 0 0
201 53 22 0 0
191 42 20 0 0
182 39 20 0 0
184 40 19 0 0
159 26 17 0 0
167 34 17 0 0
156 32 16 0 0
135 27 15 0 0
128 27 14 0 0
122 22 14 0 0
124 18 13 0 0
124 20 12 0 0
105 27 12 0 0
114 27 11 0 0
97 22 10 0 0
105 25 10 0 0
90 19 9 0 0
84 15 9 0 0
90 18 9 0 0
84 14 8 0 0
81 13 8 0 0
79 10 7 0 0
73 15 7 0 0
70 11 6 0 0
61 11 6 0 0
58 16 6 0 0
61 12 6 0 0
57 17 5 0 0
53 13 5 0 0
43 9 5 0 0
54 11 5 0 0
40 5 4 0 0
39 7 4 0 0
41 8 4 0 0
33 6 4 0 0
39 11 3 0 0
33 8 3 0 0
34 6 3 0 0
22 2 3 0 0
23 4 3 0 0
