Tests Positives New Infections True Negatives False Positives
0 0 10 0 0
1054 7 2 1047 0
1018 7 2 1011 0
1006 8 3 998 0
958 8 2 950 0
1014 8 3 1006 0
1006 8 2 998 0
1017 10 3 1007 0
992 7 4 985 0
984 10 3 974 0
1040 11 4 1029 0
1020 10 4 1010 0
1060 14 5 1046 0
1038 16 4 1022 0
991 19 6 972 0
994 20 5 974 0
1012 22 6 990 0
1055 25 7 1030 0
989 25 7 964 0
997 27 8 970 0
1043 21 8 1022 0
981 32 9 949 0
1004 27 9 977 0
1060 42 11 1018 0
997 44 11 953 0
1039 34 12 1005 0
1077 39 13 1038 0
989 52 15 937 0
1023 37 15 986 0
1092 60 16 1032 0
1033 56 18 977 0
1049 57 20 992 0
1021 69 20 952 0
1027 65 23 962 0
1051 78 24 973 0
1061 79 25 982 0
1086 95 28 991 0
1049 99 30 950 0
1100 98 31 1002 0
1087 116 34 971 0
1133 116 37 1017 0
1124 124 38 1000 0
1145 138 40 1007 0
1138 155 43 983 0
1111 156 46 955 0
1125 163 49 962 0
1172 183 52 989 0
1171 201 55 970 0
1164 222 60 942 0
1167 212 63 955 0
1185 231 67 954 0
1192 271 72 921 0
1196 257 75 939 0
1228 282 80 946 0
1221 287 84 934 0
1300 318 88 982 0
1273 341 93 932 0
1283 355 96 928 0
1314 386 101 928 0
1292 402 104 890 0
1283 390 108 893 0
