Tests Positives New Infections True Negatives False Positives
11 6 4 0 0
16 7 4 0 0
14 4 5 0 0
13 7 4 0 0
16 9 6 0 0
17 9 5 0 0
18 11 6 0 0
18 14 7 0 0
28 18 7 0 0
23 12 8 0 0
19 7 8 0 0
26 11 9 0 0
31 16 9 0 0
39 23 11 0 0
32 17 11 0 0
45 23 12 0 0
47 23 13 0 0
50 17 15 0 0
49 22 15 0 0
49 23 16 0 0
57 25 18 0 0
63 28 20 0 0
63 36 20 0 0
71 41 23 0 0
89 45 24 0 0
99 49 25 0 0
90 40 28 0 0
94 46 30 0 0
102 49 31 0 0
110 54 34 0 0
130 63 37 0 0
130 60 38 0 0
129 64 40 0 0
143 75 43 0 0
168 84 46 0 0
170 95 49 0 0
182 82 52 0 0
186 90 55 0 0
198 96 60 0 0
197 102 63 0 0
232 117 67 0 0
251 126 72 0 0
259 123 75 0 0
260 116 80 0 0
296 132 84 0 0
299 146 88 0 0
342 154 93 0 0
346 169 96 0 0
352 168 101 0 0
398 189 104 0 0
387 176 108 0 0
403 180 112 0 0
448 206 115 0 0
464 203 118 0 0
441 209 121 0 0
482 219 124 0 0
494 215 126 0 0
510 240 128 0 0
517 237 129 0 0
566 255 130 0 0
543 245 131 0 0
589 257 132 0 0
596 257 132 0 0
580 234 132 0 0
571 234 131 0 0
621 252 130 0 0
588 242 129 0 0
600 258 128 0 0
618 243 126 0 0
609 246 123 0 0
618 236 122 0 0
622 215 118 0 0
606 226 116 0 0
628 241 113 0 0
596 216 111 0 0
626 227 106 0 0
620 202 104 0 0
601 212 100 0 0
564 192 97 0 0
587 195 94 0 0
553 171 90 0 0
535 166 87 0 0
560 181 83 0 0
536 161 80 0 0
527 159 77 0 0
514 159 74 0 0
487 145 70 0 0
479 148 68 0 0
472 120 64 0 0
423 121 62 0 0
420 121 59 0 0
446 136 56 0 0
385 108 53 0 0
408 107 51 0 0
394 111 49 0 0
359 101 46 0 0
366 91 45 0 0
351 99 42 0 0
347 91 40 0 0
315 89 38 0 0
309 75 36 0 0
289 69 34 0 0
266 67 33 0 0
274 73 31 0 0
258 50 29 0 0
250 56 28 0 0
224 57 27 0 0
228 59 25 0 0
222 61 24 0 0
218 58 23 0 0
201 43 22 0 0
197 37 20 0 0
179 45 20 0 0
165 39 19 0 0
152 31 17 0 0
150 31 17 0 0
123 29 16 0 0
142 29 15 0 0
152 33 14 0 0
143 32 14 0 0
126 28 13 0 0
110 25 12 0 0
120 26 12 0 0
111 24 11 0 0
105 24 10 0 0
103 25 10 0 0
95 18 9 0 0
86 19 9 0 0
90 19 9 0 0
89 21 8 0 0
75 20 8 0 0
77 18 7 0 0
67 13 7 0 0
66 11 6 0 0
57 13 6 0 0
60 10 6 0 0
55 10 6 0 0
50 10 5 0 0
54 8 5 0 0
48 9 5 0 0
54 12 5 0 0
46 8 4 0 0
42 11 4 0 0
41 8 4 0 0
43 9 4 0 0
42 6 3 0 0
33 5 3 0 0
37 6 3 0 0
32 4 3 0 0
29 4 6 0 0
