Tests Positives New Infections True Negatives False Positives
1058 11 4 1047 0
1041 16 4 1025 0
982 17 5 965 0
968 16 4 952 0
1060 17 6 1043 0
1045 22 5 1023 0
989 23 6 966 0
1031 21 7 1010 0
1007 21 7 986 0
1040 26 8 1014 0
1059 31 8 1028 0
995 30 9 965 0
1038 32 9 1006 0
1059 34 11 1025 0
983 40 11 943 0
1042 40 12 1002 0
1035 45 13 990 0
1069 35 15 1034 0
1106 47 15 1059 0
1081 49 16 1032 0
1032 55 18 977 0
1025 61 20 964 0
1019 77 20 942 0
1085 70 23 1015 0
1011 64 24 947 0
1132 88 25 1044 0
1108 91 28 1017 0
1068 94 30 974 0
1122 105 31 1017 0
1104 126 34 978 0
1092 110 37 981 0
1135 122 38 1012 0
1057 143 40 913 0
1175 144 43 1030 0
1118 157 46 961 0
1130 169 49 961 0
1081 178 52 902 0
1161 179 55 982 0
1085 197 60 888 0
1150 209 63 941 0
1198 232 67 966 0
1195 240 72 955 0
1177 237 75 938 0
1195 282 80 913 0
1235 308 84 925 0
1264 311 88 953 0
1174 312 93 862 0
1216 331 96 884 0
1264 354 101 909 0
1326 399 104 924 0
1369 413 108 954 0
1254 411 112 841 0
1286 428 115 856 0
1349 449 118 898 0
1321 471 121 847 0
1306 483 124 822 0
1326 497 126 826 0
1368 513 128 853 0
1344 509 129 832 0
1449 542 130 905 0
1338 533 131 804 0
1481 571 132 906 0
1453 579 132 870 0
1415 583 132 827 0
1421 596 131 821 0
1468 608 130 856 0
1476 628 129 843 0
1423 622 128 796 0
1454 591 126 860 0
1406 621 123 783 0
1426 581 122 840 0
1391 603 118 785 0
1444 613 116 825 0
1428 619 113 803 0
1443 602 111 837 0
1435 576 106 852 0
1340 577 104 757 0
1372 558 100 808 0
1364 529 97 830 0
1400 518 94 873 0
1315 521 90 785 0
1366 523 87 831 0
1444 568 83 871 0
1352 502 80 841 0
1386 529 77 851 0
1325 470 74 845 0
1375 482 70 882 0
1343 463 68 869 0
1285 418 64 861 0
1353 453 62 892 0
1304 432 59 865 0
1316 425 56 879 0
1249 383 53 858 0
1237 377 51 846 0
1203 368 49 825 0
1169 336 46 823 0
1205 332 45 861 0
1213 308 42 889 0
1222 311 40 890 0
1190 289 38 887 0
1187 288 36 885 0
1225 288 34 921 0
1191 271 33 901 0
1131 245 31 869 0
1117 225 29 872 0
1186 207 28 963 0
1131 213 27 906 0
1106 201 25 889 0
1142 204 24 923 0
1064 191 23 863 0
1153 173 22 963 0
1074 186 20 875 0
1095 169 20 912 0
1042 150 19 883 0
1068 149 17 907 0
1053 137 17 904 0
1039 138 16 887 0
1141 135 15 992 0
1056 131 14 917 0
1021 116 14 893 0
1055 114 13 933 0
1011 97 12 902 0
986 104 12 876 0
1026 90 11 924 0
1002 106 10 890 0
1035 83 10 943 0
1008 82 9 920 0
974 71 9 896 0
928 77 9 845 0
1024 67 8 952 0
1008 79 8 925 0
978 63 7 908 0
983 59 7 918 0
1037 68 6 964 0
948 58 6 883 0
1043 54 6 985 0
987 51 6 931 0
1045 52 5 987 0
960 56 5 899 0
1010 45 5 962 0
954 45 5 906 0
961 42 4 915 0
956 32 4 922 0
977 42 4 931 0
972 37 4 934 0
940 30 3 907 0
958 24 3 934 0
927 32 3 894 0
941 26 3 913 0
943 25 3 916 0
