Tests Positives New Infections True Negatives False Positives
0 0 10 0 0
949 4 4 945 0
997 8 3 989 0
952 5 2 947 0
969 6 3 963 0
1053 9 2 1044 0
973 10 3 963 0
1004 8 4 996 0
1003 11 3 992 0
1002 14 8 988 0
999 12 5 987 0
1018 11 4 1007 0
1048 15 6 1033 0
1002 21 11 981 0
978 19 7 959 0
969 18 7 951 0
1036 20 8 1016 0
1028 25 17 1003 0
1105 28 9 1077 0
1059 40 11 1019 0
1012 38 11 974 0
1033 38 25 995 0
1053 38 15 1015 0
1036 54 15 982 0
1027 54 16 973 0
1058 67 38 991 0
1056 73 20 983 0
1091 77 23 1014 0
1072 76 24 996 0
1040 90 53 950 0
