Tests Positives New Infections True Negatives False Positives
0 0 10 0 0
979 5 2 974 0
985 4 2 981 0
1047 6 3 1041 0
987 7 2 980 0
1017 7 3 1010 0
1019 5 2 1014 0
991 6 3 985 0
952 9 4 943 0
1057 9 3 1048 0
1046 13 4 1033 0
1028 14 4 1014 0
974 10 5 964 0
1030 11 4 1019 0
997 19 6 978 0
998 14 5 984 0
1083 20 6 1063 0
974 22 7 952 0
1011 21 7 990 0
1003 28 8 975 0
1066 28 8 1038 0
1027 30 9 997 0
1000 28 9 972 0
972 31 11 941 0
1056 29 11 1027 0
1035 39 12 996 0
993 48 13 945 0
1035 40 15 995 0
1111 49 15 1062 0
1016 47 16 969 0
1016 59 18 957 0
1029 64 20 965 0
1006 63 20 943 0
1024 64 23 960 0
1083 78 24 1005 0
1030 77 25 953 0
1037 89 28 948 0
1031 91 30 940 0
1037 105 31 932 0
1070 114 34 956 0
1125 121 37 1004 0
1057 117 38 940 0
1131 151 40 980 0
1115 158 43 957 0
1146 150 46 996 0
1145 180 49 965 0
1125 187 52 938 0
1125 183 55 942 0
1164 218 60 946 0
1115 225 63 890 0
1201 237 67 964 0
1240 258 72 982 0
1242 271 75 971 0
1172 269 80 902 0
1269 296 84 973 0
1221 296 88 924 0
1289 340 93 949 0
1238 341 96 897 0
1286 364 101 922 0
1334 380 104 954 0
1307 403 108 904 0
1403 463 112 940 0
1362 445 115 917 0
1345 474 118 870 0
1387 495 121 892 0
1417 509 124 908 0
1451 535 126 916 0
1403 520 128 883 0
1462 534 129 928 0
1491 586 130 905 0
1480 570 131 910 0
1503 605 132 898 0
1582 644 132 938 0
1472 612 132 860 0
1504 626 131 878 0
1480 617 130 863 0
1549 657 129 892 0
1562 649 128 913 0
1569 674 126 895 0
1564 671 123 893 0
1537 652 122 885 0
1536 645 118 891 0
1558 693 116 865 0
1518 655 113 863 0
1517 661 111 856 0
1518 633 106 885 0
1496 637 104 859 0
1489 613 100 876 0
1548 616 97 931 0
1492 601 94 891 0
1480 617 90 863 0
1481 572 87 909 0
1473 579 83 893 0
1461 577 80 883 0
1432 539 77 893 0
1446 525 74 919 0
1423 515 70 908 0
1407 499 68 907 0
1353 473 64 880 0
1413 462 62 950 0
1386 461 59 924 0
