Tests Positives New Infections True Negatives False Positives
1033 11 4 1011 0
1056 13 4 1033 0
980 14 5 955 0
1049 16 4 1021 0
1023 13 6 993 0
1002 16 5 970 0
1054 16 6 1019 0
1014 17 7 976 0
1095 18 7 1054 0
1044 20 8 1000 0
1067 22 8 1019 0
1084 26 9 1032 0
1060 30 9 1004 0
1018 32 11 957 0
1055 35 11 989 0
1072 37 12 1001 0
1083 39 13 1006 0
1057 39 15 974 0
1093 43 15 1003 0
1102 46 16 1005 0
1121 48 18 1017 0
1095 52 20 982 0
1031 53 20 909 0
1105 56 23 974 0
1126 66 24 984 0
1087 73 25 935 0
1121 75 28 957 0
1125 80 30 949 0
1115 86 31 928 0
1108 101 34 908 0
1142 116 37 928 0
1189 119 38 960 0
1207 126 40 960 0
1232 134 43 967 0
1212 131 46 930 0
1207 139 49 906 0
1246 152 52 928 0
1228 160 55 889 0
1319 174 60 958 0
1282 198 63 896 0
1372 203 67 964 0
1393 213 72 958 0
1293 213 75 829 0
1422 224 80 932 0
1410 240 84 888 0
1450 259 88 896 0
1464 270 93 881 0
1472 293 96 859 0
1517 304 101 877 0
1577 320 104 901 0
1584 332 108 878 0
1627 351 112 891 0
1623 361 115 858 0
1713 388 118 920 0
1680 394 121 852 0
1643 405 124 786 0
1712 411 126 831 0
1803 422 128 901 0
1754 431 129 828 0
1765 440 130 819 0
1722 430 131 753 0
1775 436 132 782 0
1797 442 132 782 0
1796 459 132 765 0
1817 457 131 772 0
1862 465 130 803 0
1797 475 129 731 0
1887 462 128 818 0
1869 437 126 795 0
1856 429 123 776 0
1869 421 122 790 0
1880 406 118 808 0
1832 403 116 764 0
1808 388 113 757 0
1881 369 111 837 0
1834 364 106 799 0
1796 345 104 775 0
1864 332 100 851 0
1779 316 97 776 0
1787 311 94 797 0
1798 298 90 825 0
1758 292 87 803 0
1770 293 83 833 0
1736 277 80 820 0
1671 273 77 779 0
1666 253 74 801 0
1670 220 70 833 0
1655 210 68 840 0
1629 196 64 837 0
1606 187 62 834 0
1547 181 59 800 0
1550 176 56 827 0
1529 182 53 828 0
1493 158 51 818 0
1502 158 49 849 0
1437 145 46 811 0
1443 136 45 834 0
1371 124 42 787 0
1400 110 40 845 0
1353 98 38 821 0
1383 98 36 868 0
1370 88 34 878 0
1315 85 33 840 0
1314 88 31 858 0
1271 87 29 833 0
1229 81 28 812 0
1241 72 27 843 0
1222 72 25 842 0
1263 65 24 898 0
1207 52 23 864 0
1166 55 22 836 0
1218 48 20 902 0
1178 49 20 874 0
1141 44 19 852 0
1138 49 17 861 0
1126 50 17 860 0
1143 49 16 888 0
1108 40 15 870 0
1083 36 14 857 0
1088 34 14 875 0
1045 30 13 842 0
1106 21 12 914 0
1056 26 12 869 0
979 33 11 798 0
1021 29 10 852 0
1019 27 10 858 0
1022 30 9 868 0
1068 27 9 922 0
1057 20 9 919 0
1004 15 8 874 0
1020 13 8 898 0
1051 11 7 936 0
1002 16 7 891 0
974 17 6 867 0
983 15 6 880 0
978 14 6 882 0
974 9 6 881 0
948 9 5 859 0
954 8 5 869 0
1021 8 5 942 0
975 8 5 900 0
971 7 4 899 0
948 9 4 879 0
968 8 4 902 0
963 6 4 901 0
928 6 3 870 0
947 5 3 892 0
927 5 3 876 0
923 3 3 876 0
989 2 3 943 0
