Tests Positives New Infections True Negatives False Positives
0 0 10 0 0
1032 5 2 1027 0
1039 8 2 1031 0
1027 6 3 1021 0
1029 11 2 1018 0
1010 8 3 1002 0
1004 8 2 996 0
1002 13 3 989 0
981 8 4 973 0
1071 10 3 1061 0
1069 13 4 1056 0
995 11 4 984 0
1003 12 5 991 0
1010 19 4 991 0
978 16 6 962 0
1014 21 5 993 0
1012 17 6 995 0
973 26 7 947 0
1046 26 7 1020 0
1045 30 8 1015 0
1005 25 8 980 0
1043 28 9 1015 0
1035 31 9 1004 0
985 36 11 949 0
1073 36 11 1037 0
1018 43 12 975 0
1006 39 13 967 0
1012 39 15 973 0
1044 49 15 995 0
1068 57 16 1011 0
1056 55 18 1001 0
1016 66 20 950 0
1033 59 20 974 0
1135 74 23 1061 0
1034 76 24 958 0
1072 79 25 993 0
1011 94 28 917 0
1073 86 30 987 0
1057 96 31 961 0
1135 127 34 1008 0
1078 121 37 957 0
1144 126 38 1018 0
1080 138 40 942 0
1104 136 43 968 0
1156 158 46 998 0
1122 159 49 963 0
1066 172 52 894 0
1090 169 55 921 0
1148 198 60 950 0
1217 210 63 1007 0
1158 216 67 942 0
1179 261 72 918 0
1173 259 75 914 0
1299 266 80 1033 0
1227 289 84 938 0
1202 313 88 889 0
1274 352 93 922 0
1293 359 96 934 0
1298 389 101 909 0
1333 398 104 935 0
1319 419 108 900 0
1347 426 112 921 0
1358 447 115 911 0
1390 473 118 917 0
1387 484 121 903 0
1425 502 124 923 0
1463 540 126 923 0
1423 512 128 911 0
1480 563 129 917 0
1462 536 130 926 0
1465 589 131 876 0
1516 616 132 900 0
1500 632 132 868 0
1503 616 132 887 0
1475 596 131 879 0
1542 631 130 911 0
1510 631 129 879 0
