Tests Positives New Infections True Negatives False Positives
0 0 10 0 0
1041 0 2 1036 0
1002 5 2 994 0
1022 4 3 1016 0
1007 6 2 998 0
1020 6 3 1011 0
1043 5 2 1034 0
1009 7 3 999 0
1015 4 4 1008 0
1037 8 3 1027 0
1016 11 4 1002 0
1007 11 4 994 0
993 9 5 976 0
970 8 4 958 0
998 12 6 980 0
990 14 5 972 0
1013 12 6 994 0
1014 15 7 992 0
1039 14 7 1016 0
997 13 8 978 0
1034 20 8 1009 0
1012 25 9 979 0
1015 24 9 981 0
1005 23 11 975 0
1024 25 11 987 0
1011 30 12 971 0
994 28 13 952 0
1057 27 15 1017 0
1067 43 15 1007 0
1024 37 16 970 0
1059 44 18 998 0
1025 38 20 962 0
1116 50 20 1045 0
1109 46 23 1043 0
1046 57 24 966 0
1071 49 25 995 0
1103 76 28 996 0
1050 58 30 960 0
1109 75 31 1003 0
1095 82 34 989 0
1120 85 37 1003 0
1067 90 38 941 0
1119 106 40 973 0
1099 111 43 944 0
1068 117 46 901 0
1173 128 49 998 0
1151 136 52 966 0
1153 143 55 958 0
1159 141 60 954 0
1188 164 63 977 0
1237 174 67 998 0
1191 169 72 952 0
1185 182 75 935 0
1188 220 80 905 0
1252 219 84 955 0
1282 241 88 967 0
1281 252 93 941 0
1252 243 96 923 0
1343 310 101 938 0
1375 293 104 971 0
1389 314 108 972 0
