Tests Positives New Infections True Negatives False Positives
0 0 10 0 0
1060 3 2 1055 0
1062 8 2 1052 0
1037 3 3 1033 0
997 6 2 989 0
985 6 3 978 0
992 5 2 984 0
967 4 3 956 0
1068 2 4 1062 0
1060 6 3 1047 0
1011 5 4 1001 0
1049 7 4 1038 0
1001 8 5 986 0
974 6 4 960 0
950 9 6 936 0
947 8 5 934 0
974 8 6 958 0
1003 10 7 983 0
1028 9 7 1005 0
1014 11 8 988 0
1026 12 8 999 0
973 13 9 951 0
1036 10 9 1011 0
1016 18 11 979 0
1023 11 11 991 0
1002 16 12 970 0
1056 21 13 1012 0
994 17 15 950 0
1115 27 15 1066 0
1010 24 16 951 0
1020 25 18 967 0
1069 32 20 1005 0
1014 45 20 940 0
1043 39 23 962 0
1019 42 24 942 0
1024 36 25 943 0
1029 42 28 941 0
1103 51 30 1002 0
1087 55 31 976 0
1058 47 34 949 0
1065 55 37 944 0
1113 65 38 980 0
1160 74 40 1007 0
1136 79 43 983 0
1117 76 46 978 0
1126 84 49 959 0
1103 97 52 912 0
1151 93 55 966 0
1119 88 60 939 0
1221 101 63 1025 0
1134 110 67 904 0
1152 123 72 917 0
1166 125 75 909 0
1194 140 80 921 0
1200 137 84 929 0
1277 136 88 993 0
1291 170 93 942 0
1246 150 96 913 0
1293 172 101 928 0
1343 178 104 949 0
1302 194 108 896 0
1321 192 112 895 0
1271 194 115 857 0
1295 197 118 825 0
1379 213 121 904 0
1350 203 124 875 0
1379 204 126 884 0
1371 234 128 847 0
1410 236 129 863 0
1349 231 130 843 0
1395 250 131 842 0
1447 258 132 864 0
1393 253 132 816 0
1389 252 132 833 0
1451 259 131 844 0
1523 239 130 929 0
1458 231 129 846 0
1402 246 128 807 0
1472 253 126 817 0
1415 253 123 813 0
1478 243 122 866 0
1380 221 118 816 0
1425 232 116 837 0
1399 215 113 791 0
1419 210 111 827 0
1433 232 106 824 0
1399 204 104 829 0
1404 196 100 826 0
1440 209 97 860 0
1406 205 94 848 0
1439 191 90 848 0
1409 202 87 839 0
1371 170 83 837 0
1381 181 80 843 0
1417 163 77 884 0
1333 151 74 839 0
1280 135 70 810 0
1336 145 68 841 0
1279 115 64 833 0
1298 141 62 838 0
1351 128 59 907 0
1312 122 56 886 0
1291 120 53 887 0
1260 116 51 882 0
1223 117 49 833 0
1228 99 46 860 0
1234 94 45 862 0
1191 113 42 818 0
1176 91 40 841 0
1181 79 38 857 0
1169 75 36 849 0
1149 72 34 849 0
1155 73 33 895 0
1175 64 31 904 0
1123 58 29 856 0
1119 58 28 863 0
1137 52 27 895 0
1135 62 25 907 0
1199 64 24 977 0
1119 51 23 926 0
1112 49 22 903 0
1074 54 20 885 0
1020 44 20 848 0
1062 37 19 888 0
1067 42 17 892 0
1014 37 17 869 0
1055 29 16 893 0
1039 34 15 894 0
1070 24 14 945 0
1005 26 14 887 0
1036 23 13 913 0
1085 20 12 967 0
1021 18 12 912 0
994 17 11 882 0
1004 25 10 900 0
1027 23 10 929 0
995 20 9 898 0
1011 20 9 924 0
1011 18 9 938 0
1052 20 8 968 0
969 13 8 897 0
996 17 7 913 0
962 14 7 899 0
939 7 6 882 0
969 17 6 910 0
976 14 6 918 0
1045 10 6 996 0
1004 14 5 949 0
941 9 5 898 0
973 11 5 917 0